RT=UNDEFINED   LT=UNDEFINED
0	12785
1	12750
2	12559
3	12688
4	12501
5	12668
6	12846
7	12634
8	12932
9	12825
10	12880
11	12780
12	12639
13	12774
14	12774
15	12551
16	12688
17	12751
18	12701
19	12624
20	12655
21	12775
22	12834
23	12603
24	12709
25	12782
26	12828
27	12695
28	12648
29	12736
30	12658
31	12385
32	12472
33	12696
34	12771
35	12558
36	12687
37	12674
38	12473
39	12575
40	12816
41	12560
42	12607
43	12826
44	12507
45	12567
46	12603
47	12612
48	12703
49	12538
50	12616
51	12684
52	12548
53	12705
54	12403
55	12528
56	12477
57	12680
58	12548
59	12448
60	12678
61	12592
62	12480
63	12627
64	12622
65	12444
66	12385
67	12468
68	12343
69	12645
70	12420
71	12514
72	12242
73	12549
74	12386
75	12162
76	12213
77	11974
78	12353
79	12293
80	12237
81	12236
82	12080
83	12189
84	11796
85	11900
86	12077
87	11931
88	11633
89	11584
90	11885
91	11624
92	11663
93	11404
94	11494
95	11288
96	11286
97	10957
98	10996
99	10820
100	10692
101	10745
102	10682
103	10260
104	9956
105	9749
106	9591
107	9373
108	9131
109	9100
110	8706
111	8815
112	8389
113	8245
114	7980
115	7802
116	7764
117	7764
118	7769
119	7709
120	7764
121	7923
122	7996
123	8155
124	8250
125	8694
126	8638
127	8911
128	9241
129	9116
130	9627
131	9722
132	9943
133	10153
134	10254
135	10422
136	10541
137	10829
138	10992
139	10792
140	11145
141	11239
142	11276
143	11257
144	11527
145	11485
146	11742
147	11708
148	11724
149	11794
150	11949
151	11865
152	12106
153	11880
154	12193
155	12002
156	12165
157	12193
158	12196
159	12244
160	12216
161	12373
162	12224
163	12204
164	12438
165	12485
166	12161
167	12319
168	12413
169	12422
170	12201
171	12562
172	12496
173	12308
174	12516
175	12560
176	12437
177	12241
178	12590
179	12632
180	12411
181	12450
182	12631
183	12607
184	12607
185	12653
186	12555
187	12784
188	12488
189	12712
190	12479
191	12602
192	12590
193	12511
194	12614
195	12633
196	12831
197	12591
198	12823
199	12557
200	12595
201	12567
202	12784
203	12493
204	12599
205	12690
206	12681
207	12682
208	12369
209	12555
210	12569
211	12769
212	12813
213	12544
214	12690
215	12727
216	12494
217	12589
218	12559
219	12453
220	12674
221	12545
222	12800
223	12566
224	12546
225	12386
226	12245
227	12469
228	12489
229	12556
230	12312
231	12373
232	12389
233	12276
234	12404
235	12213
236	12319
237	12604
238	12237
239	12311
240	12152
241	12176
242	12141
243	11897
244	12128
245	12106
246	12128
247	11860
248	11948
249	11937
250	11743
251	11675
252	11768
253	11529
254	11479
255	11583
256	11306
257	11180
258	11162
259	11054
260	10849
261	10933
262	10808
263	10621
264	10310
265	10125
266	9715
267	9682
268	9591
269	9273
270	9028
271	8846
272	8585
273	8471
274	8132
275	8023
276	7889
277	7834
278	7633
279	7589
280	7757
281	7777
282	7715
283	7938
284	8301
285	8106
286	8452
287	8529
288	8779
289	9101
290	9429
291	9494
292	9673
293	9904
294	10096
295	10279
296	10579
297	10547
298	10845
299	11059
300	11018
301	11387
302	11310
303	11456
304	11899
305	11684
306	11702
307	11789
308	11689
309	11712
310	11985
311	11978
312	11978
313	12317
314	11955
315	12335
316	12442
317	12123
318	12338
319	12041
320	12369
321	12469
322	12366
323	12265
324	12480
325	12560
326	12436
327	12540
328	12579
329	12492
330	12510
331	12550
332	12468
333	12541
334	12748
335	12581
336	12696
337	12577
338	12655
339	12724
340	12820
341	12678
342	12817
343	12717
344	12791
345	12637
346	12726
347	12844
348	12608
349	12686
350	12489
351	12772
352	12789
353	12661
354	12506
355	12737
356	12696
357	12737
358	12932
359	12713
360	12839
361	12869
362	12784
363	12764
364	12719
365	12910
366	13028
367	12742
368	12775
369	12691
370	12903
371	12862
372	12893
373	12774
374	12760
375	12789
376	12812
377	12711
378	12761
379	12702
380	12763
381	12805
382	12734
383	12694
384	12831
385	12805
386	12696
387	12729
388	12526
389	12643
390	12695
391	12656
392	12754
393	12668
394	12744
395	12658
396	12984
397	12762
398	12617
399	12560
400	12607
401	12663
402	12720
403	12915
404	12577
405	12702
406	12619
407	12303
408	12504
409	12668
410	12414
411	12367
412	12171
413	12347
414	12357
415	12225
416	12390
417	12258
418	12319
419	12221
420	12404
421	12049
422	11851
423	11765
424	11880
425	11879
426	11460
427	11598
428	11530
429	11230
430	10974
431	10930
432	10757
433	10562
434	10367
435	10134
436	9817
437	9716
438	9502
439	9287
440	9148
441	9262
442	9198
443	9238
444	9412
445	9486
446	9807
447	9944
448	10231
449	10282
450	10413
451	10717
452	10904
453	11244
454	11328
455	11561
456	11508
457	11839
458	11629
459	11879
460	12050
461	11849
462	11927
463	11868
464	12191
465	12292
466	12460
467	12322
468	12314
469	12430
470	12457
471	12508
472	12534
473	12543
474	12553
475	12528
476	12342
477	12553
478	12593
479	12579
480	12737
481	12771
482	12662
483	12475
484	12846
485	12654
486	12589
487	12668
488	12718
489	12785
490	12916
491	12825
492	12573
493	12933
494	12808
495	12821
496	12700
497	12819
498	12653
499	12717
500	12680
501	12636
502	12861
503	12772
504	12623
505	12546
506	12758
507	12425
508	12779
509	12851
510	12904
511	12750
512	12804
513	12928
514	12744
515	12811
516	12752
517	12959
518	12659
519	12748
520	12661
521	12882
522	12856
523	12470
524	12916
525	12809
526	12651
527	12682
528	12650
529	12521
530	12568
531	12570
532	12373
533	12477
534	12628
535	12494
536	12347
537	12286
538	12455
539	12571
540	12249
541	12225
542	12208
543	12064
544	12178
545	11938
546	12079
547	11862
548	11830
549	11694
550	11689
551	11398
552	11320
553	11007
554	11064
555	10539
556	10552
557	10166
558	10017
559	9668
560	9657
561	9677
562	9298
563	9366
564	8975
565	9253
566	9405
567	9464
568	9553
569	9856
570	9826
571	10041
572	10270
573	10629
574	10700
575	10896
576	11055
577	11250
578	11322
579	11506
580	11818
581	11693
582	12028
583	11987
584	12070
585	11935
586	12178
587	12219
588	12344
589	12262
590	12481
591	12357
592	12343
593	12601
594	12609
595	12621
596	12418
597	12512
598	12468
599	12538
600	12600
601	12693
602	12692
603	12710
604	12545
605	12759
606	12718
607	12551
608	12672
609	12719
610	12780
611	12631
612	12704
613	12709
614	13009
615	12765
616	12703
617	12945
618	12564
619	12682
620	12519
621	12666
622	12679
623	12790
624	12883
625	12797
626	12735
627	12955
628	12607
629	12729
630	12600
631	12715
632	12646
633	12782
634	12838
635	12618
636	12999
637	12875
638	12796
639	12943
640	12721
641	12716
642	12532
643	12805
644	12765
645	12643
646	12812
647	12709
648	12793
649	12841
650	12692
651	12803
652	12921
653	12811
654	12669
655	12811
656	12691
657	12620
658	12821
659	12839
660	12753
661	12651
662	12531
663	12867
664	12660
665	12894
666	12783
667	12446
668	12629
669	12760
670	12572
671	12591
672	12491
673	12546
674	12378
675	12418
676	12553
677	12446
678	12322
679	12559
680	12457
681	12292
682	12404
683	12543
684	12426
685	12368
686	12204
687	12233
688	12220
689	12217
690	12392
691	12037
692	12078
693	11971
694	12138
695	12214
696	11989
697	11969
698	11880
699	11559
700	11704
701	11739
702	11603
703	11315
704	11263
705	11226
706	11036
707	10922
708	10968
709	10626
710	10663
711	10484
712	10302
713	10208
714	10004
715	9845
716	9406
717	9522
718	9182
719	9142
720	8683
721	8410
722	8233
723	8262
724	7886
725	8009
726	7633
727	7749
728	7849
729	7677
730	7694
731	7832
732	7906
733	8223
734	8231
735	8395
736	8665
737	8791
738	9247
739	9386
740	9722
741	9869
742	9929
743	10115
744	10448
745	10484
746	10820
747	10743
748	11059
749	11145
750	11119
751	11310
752	11456
753	11408
754	11698
755	11581
756	11758
757	11769
758	11779
759	11872
760	11886
761	12151
762	12218
763	11937
764	12127
765	12096
766	12282
767	12330
768	11962
769	12321
770	12388
771	12181
772	12210
773	12298
774	12280
775	12282
776	12268
777	12505
778	12493
779	12327
780	12537
781	12668
782	12586
783	12582
784	12598
785	12499
786	12660
787	12463
788	12593
789	12403
790	12444
791	12655
792	12639
793	12472
794	12559
795	12419
796	12524
797	12426
798	12670
799	12575
800	12705
801	12571
802	12705
803	12693
804	12567
805	12582
806	12583
807	12518
808	12608
809	12520
810	12502
811	12725
812	12444
813	12442
814	12615
815	12587
816	12597
817	12513
818	12652
819	12624
820	12784
821	12614
822	12426
823	12509
824	12440
825	12670
826	12567
827	12621
828	12514
829	12696
830	12455
831	12506
832	12278
833	12504
834	12598
835	12433
836	12423
837	12522
838	12497
839	12475
840	12348
841	12386
842	12406
843	12250
844	12218
845	12364
846	12333
847	12117
848	12156
849	12177
850	12179
851	12376
852	12037
853	12061
854	12018
855	12003
856	12053
857	11924
858	11770
859	11790
860	11702
861	11705
862	11781
863	11799
864	11265
865	11593
866	11433
867	11069
868	11330
869	11066
870	11323
871	10955
872	10860
873	10550
874	10595
875	10414
876	10435
877	10124
878	9972
879	9914
880	9830
881	9405
882	9333
883	9044
884	8896
885	8480
886	8408
887	8305
888	7980
889	7850
890	7770
891	7795
892	7649
893	7720
894	7922
895	7834
896	7948
897	7955
898	8116
899	8389
900	8439
901	8618
902	8880
903	9083
904	9451
905	9492
906	9812
907	9900
908	10081
909	10538
910	10580
911	10763
912	10754
913	10941
914	10970
915	11139
916	11241
917	11438
918	11540
919	11432
920	11549
921	11721
922	11673
923	11775
924	11824
925	11782
926	11938
927	11969
928	12146
929	12145
930	12128
931	12125
932	12096
933	12244
934	12372
935	12229
936	12287
937	12397
938	12287
939	12294
940	12481
941	12516
942	12206
943	12569
944	12495
945	12356
946	12654
947	12399
948	12346
949	12562
950	12387
951	12456
952	12627
953	12564
954	12606
955	12500
956	12738
957	12565
958	12656
959	12762
960	12504
961	12648
962	12472
963	12581
964	12728
965	12583
966	12598
967	12461
968	12715
969	12511
970	12523
971	12598
972	12695
973	12769
974	12514
975	12493
976	12681
977	12519
978	12776
979	12630
980	12572
981	12668
982	12642
983	12508
984	12540
985	12772
986	12546
987	12854
988	12676
989	12663
990	12497
991	12551
992	12482
993	12787
994	12477
995	12581
996	12409
997	12510
998	12825
999	12651
1000	12685
1001	12642
1002	12830
1003	12713
1004	12815
1005	12524
1006	12741
1007	12772
1008	12948
1009	12744
1010	12586
1011	12654
1012	12582
1013	12546
1014	12889
1015	12776
1016	12522
1017	12754
1018	12815
1019	12694
1020	12559
1021	12509
1022	12604
1023	12658
